1754847023.390348000
1754847023.408937000
1754847023.409382000
1754847023.411448000
1754847023.411874000
1754847023.412087000
1754847023.412126000
1754847023.412155000
1754847023.412182000
1754847023.417071000
1754847023.417254000
1754847023.421476000
1754847023.421581000
1754847023.421697000
1754847023.421761000
1754847023.421865000
1754847023.421926000
1754847023.422017000
1754847023.422076000
1754847023.422166000
1754847023.422226000
1754847023.422316000
1754847023.422387000
1754847023.422564000
1754847023.422629000
1754847023.422718000
1754847023.422779000
1754847023.422850000
1754847023.422903000
1754847023.422963000
1754847023.423011000
1754847023.423070000
1754847023.423122000
1754847023.428589000
1754847023.428703000
1754847023.428820000
1754847023.428866000
1754847023.428919000
1754847023.429034000
1754847023.429087000
1754847023.429202000
1754847023.429240000
1754847023.430314000
1754847023.430371000
1754847023.430523000
1754847023.430585000
1754847023.430681000
1754847023.430719000
1754847023.430768000
1754847023.431266000
1754847023.431300000
1754847023.431322000
1754847023.431416000
1754847023.431440000
1754847023.431473000
1754847023.431606000
1754847023.431639000
1754847023.431727000
1754847023.434300000
1754847023.434416000
1754847023.434546000
1754847023.434597000
1754847023.434635000
1754847023.434671000
1754847023.434729000
1754847023.435020000
1754847023.435500000
1754847023.435569000
1754847023.435702000
1754847023.435749000
1754847023.435795000
1754847023.435831000
1754847023.435866000
1754847023.435979000
1754847023.436079000
1754847023.436121000
1754847023.436157000
1754847023.436216000
1754847023.437056000
1754847023.437152000
1754847023.437266000
1754847023.437315000
1754847023.437352000
1754847023.437388000
1754847023.437424000
1754847023.438426000
1754847023.438511000
1754847023.438803000
1754847023.438854000
1754847023.438891000
1754847023.438927000
1754847023.440009000
1754847023.440136000
1754847023.440416000
1754847023.440484000
1754847023.440525000
1754847023.460359000
1754847023.505263000
1754847023.505264000
1754847023.505264000
1754847023.505264000
1754847023.505265000
1754847023.505265000
1754847023.505265000
1754847023.505265000
1754847023.505555000
1754847023.505844000
1754847023.506024000
1754847023.506175000
1754847023.506315000
1754847023.506447000
1754847023.506574000
1754847023.507346000
1754847023.507346000
1754847023.507347000
1754847023.507347000
1754847023.507347000
1754847023.507347000
1754847023.507347000
1754847023.507348000
1754847023.507484000
1754847023.507638000
1754847023.507796000
1754847023.508036000
1754847023.508156000
1754847023.508430000
1754847023.508541000
1754847023.509408000
1754847023.509408000
1754847023.509408000
1754847023.509408000
1754847023.509409000
1754847023.509409000
1754847023.509409000
1754847023.509409000
1754847023.509570000
1754847023.509802000
1754847023.509863000
1754847023.509914000
1754847023.509962000
1754847023.510003000
1754847023.510051000
1754847023.510096000
1754847023.510149000
1754847023.510382000
1754847023.510382000
1754847023.510383000
1754847023.510383000
1754847023.510383000
1754847023.510383000
1754847023.510383000
1754847023.510384000
1754847023.510581000
1754847023.510808000
1754847023.510917000
1754847023.511002000
1754847023.511097000
1754847023.511184000
1754847023.511256000
1754847023.511256000
1754847023.511256000
1754847023.511256000
1754847023.511256000
1754847023.511257000
1754847023.511257000
1754847023.511257000
1754847023.511313000
1754847023.511364000
1754847023.511411000
1754847023.511490000
1754847023.511575000
1754847023.511639000
1754847023.511723000
1754847023.511796000
1754847023.511859000
1754847023.511859000
1754847023.511988000
1754847023.512092000
1754847023.512385000
1754847023.512385000
1754847023.512452000
1754847023.514342000
1754847023.514342000
1754847023.514342000
1754847023.514400000
1754847023.514483000
1754847023.514548000
1754847023.514666000
1754847023.514752000
1754847023.514794000
1754847023.514833000
1754847023.514882000
1754847023.514954000
1754847023.515022000
1754847023.515094000
1754847023.515172000
1754847023.515262000
1754847023.515305000
1754847023.515355000
1754847023.515428000
1754847023.515477000
1754847023.518725000
1754847023.518725000
1754847023.518726000
1754847023.518726000
1754847023.518726000
1754847023.518726000
1754847023.518849000
1754847023.519106000
1754847023.519203000
1754847023.519298000
1754847023.519384000
1754847023.519467000
1754847023.519565000
1754847023.519620000
1754847023.519727000
1754847023.519793000
1754847023.519975000
1754847023.520078000
1754847023.520174000
1754847023.520174000
1754847023.520174000
1754847023.520175000
1754847023.520175000
1754847023.520175000
1754847023.520175000
1754847023.520175000
1754847023.520238000
1754847023.520335000
1754847023.520424000
1754847023.520493000
1754847023.520613000
1754847023.520707000
1754847023.520792000
1754847023.520876000
1754847023.520961000
1754847023.521030000
1754847023.521030000
1754847023.521031000
1754847023.521031000
1754847023.521031000
1754847023.521031000
1754847023.521089000
1754847023.521396000
1754847023.522283000
1754847023.522283000
1754847023.522283000
1754847023.522283000
1754847023.522284000
1754847023.522284000
1754847023.522369000
1754847023.522659000
1754847023.524020000
1754847023.524020000
1754847023.524020000
1754847023.524020000
1754847023.524020000
1754847023.524150000
1754847023.524338000
1754847023.529135000
1754847023.529135000
1754847023.529135000
1754847023.529135000
1754847023.529136000
1754847023.529136000
1754847023.529136000
1754847023.529136000
1754847023.529269000
1754847023.529619000
1754847023.529815000
1754847023.530094000
1754847023.530377000
1754847023.530637000
1754847023.531028000
1754847023.531028000
1754847023.531028000
1754847023.531028000
1754847023.531029000
1754847023.531029000
1754847023.531029000
1754847023.531029000
1754847023.531113000
1754847023.531482000
1754847023.531782000
1754847023.532109000
1754847023.532377000
1754847023.532575000
1754847023.533183000
1754847023.533183000
1754847023.533183000
1754847023.533183000
1754847023.533183000
1754847023.533184000
1754847023.533317000
1754847023.533613000
1754847023.534395000
1754847023.534395000
1754847023.534395000
1754847023.534395000
1754847023.534395000
1754847023.534395000
1754847023.534396000
1754847023.534396000
1754847023.534573000
1754847023.534971000
1754847023.535243000
1754847023.535503000
1754847023.535758000
1754847023.536083000
1754847023.536302000
1754847023.536633000
1754847023.536820000
1754847023.537018000
1754847023.568038000
1754847023.607288000
1754847023.607289000
1754847023.607289000
1754847023.607289000
1754847023.607289000
1754847023.607290000
1754847023.607290000
1754847023.607290000
1754847023.607546000
1754847023.607678000
1754847023.608027000
1754847023.608240000
1754847023.608475000
1754847023.608730000
1754847023.609246000
1754847023.609457000
1754847023.609894000
1754847023.610065000
1754847023.610266000
1754847023.610266000
1754847023.610266000
1754847023.610267000
1754847023.610267000
1754847023.610267000
1754847023.610267000
1754847023.610267000
1754847023.610511000
1754847023.610982000
1754847023.611038000
1754847023.611234000
1754847023.611407000
1754847023.611570000
1754847023.611668000
1754847023.611761000
1754847023.612081000
1754847023.612081000
1754847023.612082000
1754847023.612082000
1754847023.612082000
1754847023.612082000
1754847023.612082000
1754847023.612083000
1754847023.612140000
1754847023.612231000
1754847023.612258000
1754847023.612309000
1754847023.612309000
1754847023.612309000
1754847023.612310000
1754847023.612310000
1754847023.612310000
1754847023.612310000
1754847023.612310000
1754847023.612342000
1754847023.612434000
1754847023.612532000
1754847023.612545000
1754847023.612617000
1754847023.612632000
1754847023.612728000
1754847023.612757000
1754847023.612826000
1754847023.612846000
1754847023.612972000
1754847023.613066000
1754847023.613155000
1754847023.613250000
1754847023.613336000
1754847023.613413000
1754847023.613494000
1754847023.613579000
1754847023.613679000
1754847023.613767000
1754847023.613851000
1754847023.613936000
1754847023.614023000
1754847023.614105000
1754847023.614202000
1754847023.614289000
1754847023.614415000
1754847023.614496000
1754847023.614584000
1754847023.614668000
1754847023.614755000
1754847023.614836000
1754847023.614921000
1754847023.614999000
1754847023.615090000
1754847023.615160000
1754847023.615192000
1754847023.615259000
1754847023.615290000
1754847023.633109000
1754847023.633109000
1754847023.633110000
1754847023.633110000
1754847023.633110000
1754847023.633110000
1754847023.633110000
1754847023.633111000
1754847023.633410000
1754847023.633609000
1754847023.633722000
1754847023.634046000
1754847023.634174000
1754847023.634175000
1754847023.634175000
1754847023.634175000
1754847023.634176000
1754847023.634176000
1754847023.634176000
1754847023.634176000
1754847023.634230000
1754847023.634335000
1754847023.634437000
1754847023.634540000
1754847023.634540000
1754847023.634540000
1754847023.634540000
1754847023.634541000
1754847023.634541000
1754847023.634541000
1754847023.634541000
1754847023.634638000
1754847023.634732000
1754847023.634755000
1754847023.634755000
1754847023.634755000
1754847023.634755000
1754847023.634756000
1754847023.634756000
1754847023.634756000
1754847023.634756000
1754847023.634815000
1754847023.634894000
1754847023.634945000
1754847023.634945000
1754847023.634945000
1754847023.634946000
1754847023.634946000
1754847023.634946000
1754847023.634946000
1754847023.634984000
1754847023.635222000
1754847023.635368000
1754847023.635452000
1754847023.635560000
1754847023.635644000
1754847023.635735000
1754847023.635817000
1754847023.635999000
1754847023.636101000
1754847023.636182000
1754847023.636260000
1754847023.636346000
1754847023.636432000
1754847023.636515000
1754847023.636603000
1754847023.636689000
1754847023.636793000
1754847023.636872000
1754847023.636942000
1754847023.637086000
1754847023.637219000
1754847023.637384000
1754847023.637518000
1754847023.638493000
1754847023.639973000
1754847023.639973000
1754847023.639973000
1754847023.639974000
1754847023.639974000
1754847023.639974000
1754847023.639974000
1754847023.639974000
1754847023.640139000
1754847023.640196000
1754847023.640282000
1754847023.640399000
1754847023.640399000
1754847023.640400000
1754847023.640400000
1754847023.640400000
1754847023.640400000
1754847023.640400000
1754847023.640401000
1754847023.640535000
1754847023.640571000
1754847023.640827000
1754847023.640966000
1754847023.641104000
1754847023.642034000
1754847023.645274000
1754847023.645274000
1754847023.645275000
1754847023.645275000
1754847023.645275000
1754847023.645275000
1754847023.645275000
1754847023.645276000
1754847023.645473000
1754847023.645604000
1754847023.645768000
1754847023.646086000
1754847023.646448000
1754847023.646448000
1754847023.646449000
1754847023.646449000
1754847023.646449000
1754847023.646449000
1754847023.646450000
1754847023.646450000
1754847023.646617000
1754847023.647012000
1754847023.647734000
1754847023.648153000
1754847023.648153000
1754847023.680041000
1754847023.709995000
1754847023.709996000
1754847023.709996000
1754847023.709996000
1754847023.709996000
1754847023.709996000
1754847023.709997000
1754847023.709997000
1754847023.710224000
1754847023.710384000
1754847023.710493000
1754847023.711358000
1754847023.711973000
1754847023.712482000
1754847023.712482000
1754847023.712483000
1754847023.712483000
1754847023.712483000
1754847023.712483000
1754847023.712483000
1754847023.712631000
1754847023.713399000
1754847023.720608000
1754847023.720608000
1754847023.720608000
1754847023.720608000
1754847023.720609000
1754847023.720609000
1754847023.720609000
1754847023.720609000
1754847023.720769000
1754847023.721156000
1754847023.721547000
1754847023.721827000
1754847023.722086000
1754847023.722357000
1754847023.722651000
1754847023.722694000
1754847023.730121000
1754847023.730121000
1754847023.730122000
1754847023.730122000
1754847023.730122000
1754847023.730122000
1754847023.730122000
1754847023.730123000
1754847023.730260000
1754847023.730604000
1754847023.730946000
1754847023.731231000
1754847023.731501000
1754847023.731772000
1754847023.731772000
1754847023.731772000
1754847023.731772000
1754847023.731773000
1754847023.731773000
1754847023.731773000
1754847023.731773000
1754847023.731853000
1754847023.732276000
1754847023.732575000
1754847023.733019000
1754847023.733019000
1754847023.733019000
1754847023.733019000
1754847023.733019000
1754847023.733019000
1754847023.733019000
1754847023.733138000
1754847023.733619000
1754847023.733983000
1754847023.734240000
1754847023.734631000
1754847023.734631000
1754847023.734631000
1754847023.734631000
1754847023.734631000
1754847023.734632000
1754847023.734632000
1754847023.734632000
1754847023.734787000
1754847023.735022000
1754847023.735082000
1754847023.735127000
1754847023.735257000
1754847023.735352000
1754847023.735377000
1754847023.735415000
1754847023.735612000
1754847023.735639000
1754847023.735677000
1754847023.735999000
1754847023.736071000
1754847023.736071000
1754847023.736111000
1754847023.740196000
1754847023.740196000
1754847023.740197000
1754847023.740197000
1754847023.740197000
1754847023.740300000
1754847023.740566000
1754847023.740807000
1754847023.747303000
1754847023.747303000
1754847023.747303000
1754847023.747303000
1754847023.747303000
1754847023.747303000
1754847023.747304000
1754847023.747304000
1754847023.747452000
1754847023.748145000
1754847023.748533000
1754847023.748997000
1754847023.749468000
1754847023.749864000
1754847023.750078000
1754847023.750267000
1754847023.751265000
1754847023.751265000
1754847023.751265000
1754847023.751265000
1754847023.751265000
1754847023.751265000
1754847023.751352000
1754847023.751409000
1754847023.751536000
1754847023.751666000
1754847023.751793000
1754847023.751998000
1754847023.752859000
1754847023.803972000
1754847023.818042000
1754847023.818043000
1754847023.818043000
1754847023.818043000
1754847023.818043000
1754847023.818043000
1754847023.818043000
1754847023.818044000
1754847023.818265000
1754847023.818465000
1754847023.818666000
1754847023.818864000
1754847023.819830000
1754847023.819830000
1754847023.819830000
1754847023.819830000
1754847023.819830000
1754847023.819830000
1754847023.819831000
1754847023.819831000
1754847023.820093000
1754847023.820382000
1754847023.820610000
1754847023.821035000
1754847023.821036000
1754847023.821036000
1754847023.821036000
1754847023.821085000
1754847023.830681000
1754847023.830681000
1754847023.830681000
1754847023.830681000
1754847023.830681000
1754847023.830681000
1754847023.830682000
1754847023.830682000
1754847023.830769000
1754847023.831032000
1754847023.831289000
1754847023.831454000
1754847023.831636000
1754847023.831835000
1754847023.832116000
1754847023.832325000
1754847023.832556000
1754847023.832556000
1754847023.832556000
1754847023.832557000
1754847023.832557000
1754847023.832557000
1754847023.832557000
1754847023.832557000
1754847023.832620000
1754847023.832841000
1754847023.833044000
1754847023.833246000
1754847023.833457000
1754847023.833789000
1754847023.833999000
1754847023.834201000
1754847023.834201000
1754847023.834202000
1754847023.834202000
1754847023.834202000
1754847023.834202000
1754847023.834202000
1754847023.834203000
1754847023.834251000
1754847023.834466000
1754847023.834662000
1754847023.834814000
1754847023.834878000
1754847023.834950000
1754847023.834973000
1754847023.835010000
1754847023.835175000
1754847023.835687000
1754847023.835687000
1754847023.835687000
1754847023.835771000
1754847023.835853000
1754847023.836103000
1754847023.836145000
1754847023.838163000
1754847023.838163000
1754847023.838164000
1754847023.838164000
1754847023.838164000
1754847023.838164000
1754847023.838164000
1754847023.838164000
1754847023.838263000
1754847023.838388000
1754847023.838428000
1754847023.838602000
1754847023.838627000
1754847023.838656000
1754847023.838915000
1754847023.839122000
1754847023.839288000
1754847023.839550000
1754847023.839616000
1754847023.849850000
1754847023.849850000
1754847023.849850000
1754847023.849850000
1754847023.849850000
1754847023.849850000
1754847023.849850000
1754847023.849933000
1754847023.850127000
1754847023.850405000
1754847023.850594000
1754847023.850779000
1754847023.896025000
1754847023.918956000
1754847023.918957000
1754847023.918957000
1754847023.918957000
1754847023.918957000
1754847023.918957000
1754847023.918957000
1754847023.918958000
1754847023.919134000
1754847023.919456000
1754847023.919797000
1754847023.920202000
1754847023.920542000
1754847023.920809000
1754847023.921092000
1754847023.921406000
1754847023.921407000
1754847023.921407000
1754847023.921407000
1754847023.921407000
1754847023.921407000
1754847023.921407000
1754847023.921407000
1754847023.921478000
1754847023.921709000
1754847023.921940000
1754847023.922171000
1754847023.922406000
1754847023.922406000
1754847023.922406000
1754847023.922407000
1754847023.922407000
1754847023.922407000
1754847023.922407000
1754847023.922407000
1754847023.922457000
1754847023.922701000
1754847023.922950000
1754847023.925542000
1754847023.925542000
1754847023.925542000
1754847023.925542000
1754847023.925542000
1754847023.925543000
1754847023.925543000
1754847023.925543000
1754847023.925627000
1754847023.925871000
1754847023.926060000
1754847023.926243000
1754847023.926243000
1754847023.926243000
1754847023.926243000
1754847023.926281000
1754847023.937513000
1754847023.937513000
1754847023.937513000
1754847023.937514000
1754847023.937514000
1754847023.937514000
1754847023.937514000
1754847023.937514000
1754847023.937760000
1754847023.937945000
1754847023.938154000
1754847023.938351000
1754847023.938558000
1754847023.938558000
1754847023.938558000
1754847023.938558000
1754847023.938558000
1754847023.938558000
1754847023.938559000
1754847023.938559000
1754847023.938597000
1754847023.938784000
1754847023.938977000
1754847023.939209000
1754847023.939242000
1754847023.939276000
1754847023.939493000
1754847023.939534000
1754847023.939563000
1754847023.939734000
1754847023.939779000
1754847023.939779000
1754847023.939779000
1754847023.939779000
1754847023.939779000
1754847023.939779000
1754847023.939780000
1754847023.939780000
1754847023.939816000
1754847023.939959000
1754847023.940173000
1754847023.940206000
1754847023.940337000
1754847023.940404000
1754847023.940430000
1754847023.940607000
1754847023.940639000
1754847023.940818000
1754847023.941010000
1754847023.941010000
1754847023.941010000
1754847023.941010000
1754847023.941043000
1754847023.941188000
1754847023.945280000
1754847023.945280000
1754847023.945280000
1754847023.945280000
1754847023.945280000
1754847023.945281000
1754847023.945281000
1754847023.945281000
1754847023.945369000
1754847023.945797000
1754847023.945960000
1754847023.946179000
1754847023.946388000
1754847023.946786000
1754847023.946786000
1754847023.946786000
1754847023.946856000
1754847023.947136000
1754847023.952073000
1754847023.952073000
1754847023.952074000
1754847023.952074000
1754847023.952074000
1754847023.952074000
1754847023.952074000
1754847023.952074000
1754847023.952195000
1754847023.952536000
1754847023.952770000
1754847023.952979000
1754847023.953180000
1754847023.953385000
1754847023.953385000
1754847023.953385000
1754847023.953385000
1754847023.953423000
1754847023.953634000
1754847023.992040000
1754847024.017447000
1754847024.017448000
1754847024.017448000
1754847024.017448000
1754847024.017448000
1754847024.017448000
1754847024.017448000
1754847024.017635000
1754847024.017896000
1754847024.017974000
1754847024.018423000
1754847024.028685000
1754847024.028685000
1754847024.028685000
1754847024.028685000
1754847024.028685000
1754847024.028686000
1754847024.028686000
1754847024.028686000
1754847024.028779000
1754847024.029024000
1754847024.029382000
1754847024.029588000
1754847024.029589000
1754847024.029589000
1754847024.029589000
1754847024.029589000
1754847024.029589000
1754847024.029589000
1754847024.029635000
1754847024.029846000
1754847024.030071000
1754847024.034715000
1754847024.034715000
1754847024.034715000
1754847024.034715000
1754847024.034716000
1754847024.034716000
1754847024.034805000
1754847024.035032000
1754847024.035270000
1754847024.035454000
1754847024.035637000
1754847024.035819000
1754847024.041163000
1754847024.041163000
1754847024.041163000
1754847024.041163000
1754847024.041163000
1754847024.041164000
1754847024.041164000
1754847024.041164000
1754847024.041308000
1754847024.041640000
1754847024.042264000
1754847024.042264000
1754847024.044181000
1754847024.044181000
1754847024.044181000
1754847024.044182000
1754847024.045930000
1754847024.046583000
1754847024.048694000
1754847024.051402000
1754847024.051402000
1754847024.051402000
1754847024.051403000
1754847024.051403000
1754847024.051403000
1754847024.052880000
1754847024.052880000
1754847024.054346000
1754847024.054346000
1754847024.112116000
1754847024.119042000
1754847024.119042000
1754847024.119043000
1754847024.119043000
1754847024.119043000
1754847024.119043000
1754847024.119043000
1754847024.119234000
1754847024.121785000
1754847024.384060000
1754847024.433455000
